                               2015-01-18                               
                                  1mi                                   
                                                                        
  Name                                Division     Age            Time  
------------------------------------------------------------------------
                                                     0      
                                                     0      
                                                     0      
                                                     0      
                                                     0      
                                                     0      
                                                     0      
                                                     0      
                                                     0      
                                                     0      
                                                     0      
                                                     0      
                                                     0      
                                                     0      
                                                     0      
                                                     0      
                                                     0      
                                                     0      
                                                     0      
                                                     0      
                                                     0      
                                                     0      
                                                     0      
                                                     0      
                                                     0      
                                                     0      
                                                     0      
                                                     0      
                                                     0      
                                                     0      
                                                     0      
                                                     0      
                                                     0      
                                                     0      
                                                     0      
                                                     0      
                                                     0      
                                                     0      
                                                     0      
                                                     0      
                                                     0      
                                                     0      
                                                     0      
                                                     0      
                                                     0      
                                                     0      
                                                     0      
                                                     0      
                                                     0      
                                                     0      
                                                     0      
                                                     0      
                                                     0      
                                                     0      
                                                     0      
                                                     0      
                                                     0      
                                                     0      
                                                     0      
                                                     0      
                                                     0      
                                                     0      
                                                     0      
                                                     0      
                                                     0      
                                                     0      
                                                     0      
                                                     0      
                                                     0      
                                                     0      
                                                     0      
                                                     0      
                                                     0      
                                                     0      
                                                     0      
                                                     0      
                                                     0      
                                                     0      
                                                     0      
                                                     0      
                                                     0      
                                                     0      
